8809
1242
9555
4600
7387
2233
6934
9808
424
657
6855
8778
8361
7147
7083
7604
5041
7358
9877
229
7883
7813
422
7374
7618
2958
9619
2359
3530
4853
7830
416
5452
3355
9676
4690
2500
5743
9220
9728
3992
9291
5084
3872
7909
9752
9862
3089
9186
2258
2633
2641
7741
4911
6947
5164
6519
9845
3421
9763
9989
3442
8483
7422
162
1215
2756
1226
9091
2781
3157
1491
1747
4453
8492
3311
4406
9417
7648
7573
8524
4790
4169
36
507
774
5919
470
315
9850
8764
7299
7323
7517
7496
8125
1626
1196
5642
9986
693
894
4027
9882
7341
8716
2243
9825
1655
2096
203
2954
2607
967
5154
2663
9789
9927
8858
7089
7642
1685
9650
7755
1410
6543
6889
5508
7096
7117
7827
144
2682
1
569
6848
5271
2674
7963
433
8849
9902
7528
1026
9368
9965
5605
504
2802
6688
400
4037
1306
8022
1401
311
8318
9657
9795
1580
9934
2207
4748
8470
2352
8357
6601
3709
8616
9740
5652
3970
2466
9751
1908
6581
5858
7959
6048
9085
2704
335
1872
7370
294
13
6102
950
7239
3150
4106
8677
3990
3153
4945
1174
7914
1128
5318
864
1654
8634
7373
7267
8975
9886
6126
7757
9720
9027
1236
4126
9943
5648
6788
9180
2389
8345
775
121
2176
5249
7198
6620
8901
9853
5946
2150
1678
5579
5373
9868
1548
6700
9470
2692
2330
9937
176
8983
6920
6833
5769
7124
5208
7212
252
9875
7312
2404
2505
2948
1296
4593
9092
9799
7257
7860
8291
3359
4872
9832
4618
7327
7979
5204
29
9828
7734
8275
8465
7570
1484
9873
3260
1197
6104
2205
7702
5017
7188
7919
7989
4749
4294
418
4250
259
6481
2584
3233
4339
7768
3771
7742
1204
9710
5590
7464
8339
7519
7511
888
8419
1920
5186
2590
3912
7513
9920
9820
7357
6044
9206
9800
8779
6667
91
5643
7090
7672
1057
3796
7216
3201
7415
4346
7926
1917
9974
4673
8687
4349
7583
4292
2594
8363
7721
9456
107
705
7123
7300
2569
7911
1320
4579
3892
2601
9771
6829
7259
9559
7936
3901
6293
9783
414
9885
7905
1495
9846
5544
7332
1609
9814
1729
627
204
5438
1663
6
5951
8266
9987
6797
6509
6271
3108
9865
1352
2459
7134
5157
5745
4716
4813
8343
3199
8068
4634
2252
7726
6113
8822
4595
2932
4187
4711
1187
794
25
3784
72
7440
9290
9949
3038
7572
9596
1603
4966
6992
9280
7929
132
9983
4067
869
2936
6332
394
7337
411
853
7944
8968
8207
2464
7988
1317
779
9866
7109
6596
3026
105
6751
8124
5049
6622
3663
3202
16
9939
9833
8453
1631
9831
2445
7196
3905
710
9876
9852
7587
6054
7223
3069
5218
4612
4499
6879
1355
6421
5087
9841
1805
9203
251
1766
2871
3687
9313
8726
8830
5053
2530
465
3911
9747
4641
488
3915
450
1397
3768
7665
5315
268
8725
4249
8025
2261
1340
2527
1610
7290
5216
5651
330
4068
9729
6988
4657
1989
9167
406
9377
1331
1848
956
9146
3021
4369
4412
5978
1043
4305
2709
7366
7112
129
752
1893
8855
9495
8793
7736
1006
9498
4871
3174
9570
5535
4426
2347
6272
9908
1606
7753
8994
1182
1885
1358
1710
1260
5776
1173
8617
474
6253
5018
5772
1008
3801
6810
796
4951
9901
1163
9856
6504
5161
5502
5505
7709
7829
9992
5511
5614
7244
7522
9686
6790
7670
1764
5673
7399
2108
773
3141
1393
8636
9864
2434
410
7145
8066
7130
479
1011
7591
6176
7167
297
587
1356
2952
2742
7838
7365
312
9823
5123
2848
9705
8450
4752
1873
2687
7161
9840
9652
9788
9768
4974
7173
551
1427
9046
4811
1462
5270
3678
4766
6371
5870
7698
38
7246
7176
9952
5537
7080
1193
2922
4721
4567
5351
4571
2228
7330
6230
4175
1795
947
7594
686
6114
7255
3160
6462
2906
4708
1728
6071
7499
9999
3536
10001
9477
4543
3699
8559
6239
520
9024
6869
9857
7450
9147
3997
8167
4378
1209
5992
5787
51
6851
9378
6560
3171
8558
1487
1541
8326
5891
2146
1441
4622
9749
134
5855
3163
6195
7295
7593
3812
1451
7543
2014
6831
2782
3940
4694
5074
4932
1161
7764
5957
766
1547
7339
7786
469
6979
6607
9858
9863
9972
6200
536
1659
8694
4299
9894
7284
1866
3217
8922
1457
9575
189
4625
6086
2632
5152
3195
318
9700
5753
2785
8006
5291
4297
1144
9976
5767
495
7236
371
7868
6744
9979
1876
1455
2722
9782
716
3613
494
4030
7870
2274
7287
8001
6649
299
6408
2931
8898
7248
1828
951
919
7165
9166
378
6151
2417
7571
5000
1149
4252
8394
9204
448
3902
8628
740
303
2835
1134
8059
7836
8147
980
9282
2024
4259
264
7220
7530
1856
5470
8985
2856
7475
5991
9754
9060
6227
8128
9730
8711
9723
9941
6209
8873
5197
9030
7617
9082
9543
4410
7249
9953
7309
9916
4456
666
3198
6327
3437
2763
6405
370
9881
1695
9318
9936
7610
2550
8137
1724
7150
8829
221
449
7274
1049
8621
623
753
3453
9938
8306
242
9817
8918
1967
4381
9933
7376
1437
5927
8641
7328
7635
3368
9969
1241
8598
4604
6632
447
9648
8673
4999
7122
9813
9213
8930
9475
8295
1706
8067
8350
7691
8388
681
8535
4559
8265
1087
5028
1796
1519
7980
9883
595
9476
9775
9155
9971
2493
517
329
1936
8195
4255
9264
2249
160
1517
9777
9739
7224
7607
7893
1184
7276
4573
6827
5968
2930
4113
8839
4731
9165
8551
3067
6895
1884
9834
9625
9773
1126
6936
4538
6192
4130
6317
7719
3204
4023
90
1044
9151
1561
5240
3138
359
7023
260
3492
5722
1227
7935
8463
7293
8818
8563
1497
8939
5929
4332
6549
2671
1181
6599
8893
6820
1573
9039
928
6264
2015
48
7769
2769
9353
6863
4004
1979
6612
2495
1354
5364
7564
3254
729
9158
3170
5191
3662
9310
6407
4367
5135
2162
2899
3751
8607
9255
9140
1660
4753
2754
8959
4578
2997
3727
6513
859
5770
1332
8152
692
7189
3556
6435
2603
602
8544
8045
5480
3235
7609
2514
6767
4058
6228
5618
3161
3607
3237
2037
1123
1958
1100
2194
4875
4217
5485
8382
5069
1364
3514
8122
3259
5159
2624
8672
1431
8104
28
4898
8060
7667
6365
977
9348
6307
2087
8005
3386
3424
8074
4669
4196
3575
8754
9622
4090
1143
1042
5478
1531
5986
2145
8877
3257
5435
4919
1732
9695
3253
663
8141
9698
4324
2538
8491
3660
5175
6972
5606
3733
1998
1537
8071
3312
4488
2613
1368
2452
8827
9602
9644
7155
8947
2678
3426
6932
6906
3392
7456
5176
9242
9043
6699
1339
5851
3366
8561
2245
8461
2229
978
7204
3
8244
7492
7432
3152
5228
7029
358
4244
3882
9266
8557
6280
9350
7082
6876
464
8620
3870
6857
661
3440
4601
3954
8204
1862
5808
6995
193
882
2217
3015
6159
2833
5578
9482
4210
8179
690
8414
7253
4988
1185
4557
4825
8490
2220
1984
2724
3881
4296
8072
1557
1527
135
5693
8032
3604
5259
1002
5826
5774
8499
4408
9400
5051
2373
6183
40
3491
2061
9389
3379
2358
3177
3280
9053
5837
5058
6655
6222
6380
1124
1712
2780
1386
2473
2374
2295
1217
4786
6379
8949
7865
8084
9087
3402
8243
8824
4784
2783
1139
6040
3211
2944
7940
7052
9324
6094
1225
8988
8825
6618
7400
6221
9711
485
2211
2341
5983
2082
8593
6265
3303
5252
6847
2506
6051
3121
6849
5275
1475
8609
7695
9458
265
9472
4503
1645
2792
2621
960
4400
233
2386
6965
3290
1620
170
9293
7598
321
3922
3721
7085
6305
579
4967
3980
4712
4283
8385
8509
7448
2741
342
6401
3224
5980
7431
1911
4851
3031
5010
5474
871
6625
5598
6134
7760
6859
8046
2329
6927
9164
2718
7043
1063
3517
2254
1119
1486
3776
8817
3391
906
1941
3319
8629
6096
7371
6125
5741
6564
6018
5358
5900
879
9270
8233
1203
8761
6277
42
3583
5006
702
1093
8844
4040
7983
7993
3413
4112
5301
4020
6775
3749
7595
9626
4860
6685
3804
7840
7614
7258
2903
5995
4099
6256
4802
6839
7144
793
3158
5453
1007
452
2752
8101
8109
1012
2995
4128
3209
3276
9493
9613
8579
8018
8078
8197
1406
7292
687
8043
4359
8540
8510
4384
4147
79
5057
2963
940
2013
4302
5724
5771
1009
668
9911
6850
1481
639
2747
9594
8110
2009
2568
3458
3470
3184
7146
7028
6133
1080
4041
9018
1278
695
3806
5901
1327
6374
2626
5151
9065
1380
5398
6926
8457
5541
6156
5657
1403
7681
1664
5497
2599
3336
5629
3332
6077
4893
6346
7062
6600
3057
5525
2996
7046
1582
2388
2181
7135
3960
4289
9585
4390
5959
5698
6334
5266
8984
785
487
7600
8401
2200
4588
9668
5457
1115
6138
6338
9896
3856
3732
3702
6653
7311
7615
5418
1604
4402
4448
3628
5514
4431
5306
6489
4767
8791
1869
5542
5423
1589
4754
4649
3501
7094
3690
2480
266
4363
7601
3213
4478
2869
836
1304
7625
4666
8665
3044
1716
8698
2499
5354
6165
5634
9611
812
7439
8688
9745
5912
6013
3683
5415
4047
9964
3686
3435
2910
2934
5559
2847
3657
4526
1636
9765
7436
7664
6270
6737
4183
5071
1363
4214
3352
7086
2551
2618
3793
9640
2491
1295
4480
3837
5055
5794
5311
854
2313
111
2982
927
5596
1981
4777
976
964
5413
1090
2649
4076
6185
5517
5155
5182
7847
307
5944
6546
9628
759
9797
6576
6756
6058
2520
6438
570
9135
7960
4834
7105
5473
6531
4855
6285
2456
1801
4743
3316
6364
1375
6957
6160
2370
2844
2409
530
711
1804
2479
5174
5267
4212
1641
6143
2537
1004
4738
2739
9208
4736
2694
4
9699
6676
4991
5383
4873
4849
4821
292
9452
5394
4615
1129
5012
3073
3948
939
2213
4045
6712
7884
4965
6778
4676
4788
3123
5
1023
9210
512
7010
3002
1156
7846
9587
451
2862
5026
5552
2387
2794
3634
6328
2818
4861
3908
8217
6431
754
3779
3830
8257
1753
2991
635
4110
1415
4895
3717
4516
903
6063
4609
5215
5806
6342
1398
3617
683
814
5665
7425
5702
737
7281
1470
1681
9551
5339
5177
6118
6701
7268
6565
1493
3647
8313
6050
9959
7190
146
2652
5726
4087
7864
1058
5861
3215
355
1687
4485
567
1658
3766
7181
4564
7620
4762
4683
9403
7171
4984
1426
6424
5616
5624
1419
2462
1382
5170
8194
6416
6100
33
1680
4927
9539
5149
3481
4704
2784
3457
9940
5188
3852
4291
8050
5348
3009
6580
2242
2913
5456
5988
2151
8706
2831
3841
4894
2564
8498
2789
2364
3205
4111
4874
2279
4596
8364
7526
5735
2468
2280
2969
9770
5967
751
5067
9654
5748
4986
3263
7302
3723
3047
9467
9241
7701
327
408
6451
8123
5647
920
4344
1772
58
8588
6610
4878
8909
6567
6623
1800
5217
4414
5073
9557
4409
8670
9401
1855
8191
2237
3939
5167
6890
4770
2914
3103
9632
9603
8089
4934
8843
7242
2327
8982
3133
3054
6410
6994
9614
4714
5494
4054
6512
6226
5375
6224
4284
768
3039
9653
4094
5238
6413
4471
6414
5530
1294
5475
5185
3827
6644
5633
6373
916
7411
2282
817
5789
1347
3066
4975
2880
726
6404
6772
5985
5742
3982
1514
7623
5969
5378
2803
4205
3020
4780
5984
7030
3227
4527
4996
2820
2222
7162
237
6925
4701
7269