8809
1242
9555
4600
7387
2233
6934
9808
424
657
6855
8778
8361
7147
7083
7604
5041
7358
9877
229
7883
7813
422
7374
7618
2958
9619
2359
3530
4853
7830
416
5452
3355
9676
4690
2500
5743
9220
9728
3992
9291
5084
3872
7909
9752
9862
3089
9186
2258
2633
2641
7741
4911
6947
5164
6519
9845
3421
9763
9989
3442
8483
7422
162
1215
2756
1226
9091
2781
3157
1491
1747
4453
8492
3311
4406
9417
7648
7573
8524
4790
4169
36
507
774
5919
470
315
9850
8764
7299
7323
7517
7496
8125
1626
1196
5642
9986
693
894
4027
9882
7341
8716
2243
9825
1655
2096
203
2954
2607
967
5154
2663
9789
9927
8858
7089
7642
1685
9650
7755
1410
6543
6889
5508
7096
7117
7827
144
2682
1
569
6848
5271
2674
7963
433
8849
9902
7528
1026
9368
9965
5605
504
2802
6688
400
4037
1306
8022
1401
311
8318
9657
9795
1580
9934
2207
4748
8470
2352
8357
6601
3709
8616
9740
5652
3970
2466
9751
1908
6581
5858
7959
6048
9085
2704
335
1872
7370
294
13
6102
950
7239
3150
4106
8677
3990
3153
4945
1174
7914
1128
5318
864
1654
8634
7373
7267
8975
9886
6126
7757
9720
9027
1236
4126
9943
5648
6788
9180
2389
8345
775
121
2176
5249
7198
6620
8901
9853
5946
2150
1678
5579
5373
9868
1548
6700
9470
2692
2330
9937
176
8983
6920
6833
5769
7124
5208
7212
252
9875
7312
2404
2505
2948
1296
4593
9092
9799
7257
7860
8291
3359
4872
9832
4618
7327
7979
5204
29
9828
7734
8275
8465
7570
1484
9873
3260
1197
6104
2205
7702
5017
7188
7919
7989
4749
4294
418
4250
259
6481
2584
3233
4339
7768
3771
7742
1204
9710
5590
7464
8339
7519
7511
888
8419
1920
5186
2590
3912
7513
9920
9820
7357
6044
9206
9800
8779
6667
91
5643
7090
7672
1057
3796
7216
3201
7415
4346
7926
1917
9974
4673
8687
4349
7583
4292
2594
8363
7721
9456
107
705
7123
7300
2569
7911
1320
4579
3892
2601
9771
6829
7259
9559
7936
3901
6293
9783
414
9885
7905
1495
9846
5544
7332
1609
9814
1729
627
204
5438
1663
6
5951
8266
9987
6797
6509
6271
3108
9865
1352
2459
7134
5157
5745
4716
4813
8343
3199
8068
4634
2252
7726
6113
8822
4595
2932
4187
4711
1187
794
25
3784
72
7440
9290
9949
3038
7572
9596
1603
4966
6992
9280
7929
132
9983
4067
869
2936
6332
394
7337
411
853
7944
8968
8207
2464
7988
1317
779
9866
7109
6596
3026
105
6751
8124
5049
6622
3663
3202
16
9939
9833
8453
1631
9831
2445
7196
3905
710
9876
9852
7587
6054
7223
3069
5218
4612
4499
6879
1355
6421
5087
9841
1805
9203
251
1766
2871
3687
9313
8726
8830
5053
2530
465
3911
9747
2763
6405
370
9881
1695
9318
9936
7610
2550
8137
1724
7150
8829
221
449
7274
1049
8621
623
753
3453
9938
8306
242
9817
8918
1967
4381
9933
7376
1437
5927
8641
7328
7635
3368
9969
1241
8598
4604
6632
447
9648
8673
4999
7122
9813
9213
8930
9475
8295
1706
8067
8350
7691
8388
681
8535
4559
8265
1087
5028
1796
1519
7980
9883
595
9476
9775
9155
9971
2493
517
329
1936
8195
4255
9264
2249
160
1517
9777
9739
7224
7607
7893
1184
7276
4573
6827
5968
2930
4113
8839
4731
9165
8551
3067
6895
1884
9834
9625
9773
1126
6936
4538
6192
4130
6317
7719
3204
4023
90
1044
9151
1561
5240
3138
359
7023
260
3492
5722
1227
7935
8463
7293
7197
364
9422
7288
626
8697
9918
9709
9757
7157
2017
3419
2324
67
825
9100
561
3761
8035
1416
7882
4091
3952
376
1061
5575
4206
8596
1085
875
7285
820
138
8495
935
8506
7277
1996
8190
228
1064
7473
7756
8055
8811
1034
7129
9239
682
4421
5639
8115
5928
9338
6742
696
1775
7233
9679
6533
4167
5903
6295
3441
3454
5126
8300
4221
8094
1615
333
7510
3321
9785
4050
5472
6626
212
7199
164
7235
8896
361
5723
9250
1125
4150
497
6072
1117
152
8391
1348
6663
9038
9824
8705
6029
9716
9670
8531
234
5365
1452
6991
1189
4115
7706
9975
9620
7040
7728
4314
8892
5937
6497
453
1001
2907
1076
1299
1120
1787
7626
7454
2830
9659
332
89
1310
7322
7782
985
8485
3324
5940
1373
9759
3041
4689
404
4614
1505
5199
2810
3973
463
3320
3222
5323
9993
6400
8897
7720
1251
2054
5507
3855
3064
9198
3731
8659
8420
4517
7858
444
2202
7335
9041
276
9568
3880
3143
1016
7677
5898
7222
281
4377
9399
5557
1476
1471
568
5362
2284
8908
7687
6153
6188
6491
8623
2915
1864
2993
2395
4156
5011
3936
9144
720
7329
748
5444
1635
41
1216
3799
588
9658
7131
2699
5040
6314
6074
3190
2872
1151
8303
4204
8767
301
5730
7286
161
2787
7106
9725
5226
2646
9973
9545
3934
6035
616
9761
8986
8835
9025
1073
6356
9758
9928
3030
5129
7441
7151
8327
1283
7305
9675
5845
3681
9604
1473
559
8464
9548
3414
183
9013
938
2816
7206
7866
2686
840
7998
1262
6673
778
8136
8335
3167
4563
2421
9815
4176
3868
117
5035
8008
9968
1634
2070
1860
4229
4343
7918
1270
6234
2115
7821
1968
5816
3354
9784
454
1013
9667
3957
2398
4505
420
9837
5581
1693
9409
974
6724
5930
8850
4903
7954
3172
23
9847
5387
9780
2043
7250
9714
8993
4248
6826
3097
9588
2981
9767
7142
354
8218
953
1357
2964
2939
9392
9148
1291
8662
7429
5580
9829
3351
1211
3377
8650
1240
484
1135
8144
9994
7210
9731
7898
4867
5450
8466
158
4245
6846
9948
3212
5895
846
8441
7747
9912
4163
7194
1316
9300
2675
2394
9848
7226
3565
9905
92
7733
1051
7921
35
5754
2959
5585
5838
2876
7692
581
2755
7174
5572
6186
2257
1802
1600
7663
9365
5361
3706
7099
6246
717
832
197
8709
8681
5773
5140
9455
6052
3570
651
5042
9818
527
792
2474
4362
7606
9819
415
7209
5687
4740
319
9803
2766
1094
7778
8676
9794
8036
9149
7229
9978
1230
7340
5286
580
3132
6823
6078
254
7011
3444
6258
8427
7238
7567
857
428
4734
501
9801
640
6207
9712
9950
9143
4997
493
7308
699
8229
3878
9047
7208
2695
7262
7270
5734
4457
6437
8454
1844
6163
2209
4937
9034
1234
6521
1774
7574
3674
496
8438
7451
3137
3220
2203
2376
4687
9150
9665
8342
575
8569
5798
1625
949
2477
7461
9998
7114
5337
6075
1228
2984
1875
6128
1472
4416
6011
8919
2169
3422
5098
1244
4458
5925
6883
8245
407
7592
331
1201
6233
7765
9811
5942
2911
9932
9590
1969
3750
8093
7950
7138
7580
9442
5056
9262
4121
8162
9996
1267
6727
4192
7761
576
20
5014
2580
3451
9793
6021
4815
7801
899
7342
5879
6661
9980
4001
9892
508
4138
1906
1025
8750
1888
4326
2302
6854
7118
905
2112
222
9839
5332
7458
3486
9531
2412
4652
7819
459
5626
9830
9880
2953
5864
9804
6393
4398
8521
3999
262
5896
822
8738
9390
5576
8026
8079
9849
1152
7170
2126
784
1515
1411
1219
9734
3189
9910
9059
886
3248
9162
5372
4048
423
8742
431
9906
4707
4141
7230
391
5889
9769
747
7674
7718
345
4730
8715
8112
9851
1852
6284
8937
9433
1273
5038
7841
6783
2973
7119
8151
5491
6268
7814
4014
5558
5256
6351
2542
1114
10000
8497
798
9737
6690
7447
1369
3891
7925
1146
2836
5790
350
7115
2437
2575
7369
3947
306
3059
2894
9231
3599
7289
194
379
6308
8359
8728
9177
3029
5600
8804
9298
5232
9446
2598
295
5911
901
8177
4562
149
6828
7507
7187
2975
8931
7294
6123
9923
8611
7182
5009
7116
4688
1945
8802
6282
6873
8731
274
2234
9491
9991
8808
7811
9081
1052
6679
3197
7520
7237
5467
34
7559
9925
8976
6244
8098
196
9447
3869
7654
5024
7279
9736
426
3455
7869
9741
8902
3649
714
5717
9547
9152
2165
929
3542
7924
4924
8467
7807
8370
1579
2923
2700
6032
7368
1601
9661
1164
620
9017
1886
7228
5545
5674
7549
87
7903
9681
2561
3839
5887
7063
2612
712
6212
9690
3091
1330
9884
9578
6287
6440
5872
8249
5950
5369
3995
6257
4313
8254
7247
9790
1439
4452
4053
1538
4765
9035
6705
8120
473
4751
1224
519
9826
1395
593
9
5934
5764
5690
6585
5931
1530
8015
3191
7154
9743
675
3046
629
2001
8238
2502
734
1953
37
2435
7136
1503
9904
5441
4031
5631
4644
6232
3616
9779
7608
9854
7730
4495
3574
4662
3601
244
841
7338
5550
4096
8443
39
5548
6124
7879
2177
7875
3853
8805
6878
7218
3297
9238
7777
5666
9931
6099
9791
9601
3794
2187
9184
2972
69
3107
101
6278
8631
7393
4520
3846
8972
3566
4060
9321
4773
3169
3286
8199
4583
2371
7070
2570
7956
1690
5482
2799
4334
9249
645
1318
6060
6217
9424
3110
6345
6956
2773
783
9704
1990
912
7261
7402
4569
2350
3230
1106
3790
2083
352
3543
6919
7193
8432
4258
4858
9040
761
7754
5405
8235
2712
8626
7789
9537
4470
5827
3304
3594
2366
5971
6900
4540
7917
498
1388
126
3807
9042
8323
5660
4907
1005
7693
8566
2299
6273
1384
2622
4810
8555
5610
2339
1082
1931
4566
7932
5211
7982
6353
1739
6045
1298
4775
684
5972
5019
8489
8449
8366
9529
6837
8277
224
8924
3824
9016
4320
1808
6774
7937
8423
7471
5894
7770
5924
6550
1735
8169
417
6477
5792
2215
3449
1066
8472
4380
2101
3176
8287
8285
2977
6657
1293
3371
9118
5504
8279
9562
1692
9504
1239
1222
2154
27
4910
5429
8415
8479
4513
480
8712
1722
6333
462
4923
5763
936
7445
5756
6461
6573
3778
6008
5597
5150
2483
4069
7636
7628
1596
6522
4757
8971
8935
7622
7001
7605
2167
5628
1176
9114
9098
7554
15
2545
5865
4225
9201
6145
8474
2120
2117
9582
2402
1640
6568
8567
7120
3985
9914
5092
3296
6028
6635
4763
7738
1499
3726
634
1508
1307
9104
4022
8488
6223
9499
3612
5333
8196
4145
4747
3270
9130
2887
596
6677
5079
2841
2351
7957
7862
3956
8674
1400
7143
7037
2994
5060
3049
3144
5899
3818
625
3264
2635
4954
6027
2262
9344
7064
6681
7469
8372
9479
599
9413
4978
4628
7923
4959
6206
3327
550
9756
9685
6955
4361
284
472
4197
7191
3396
1926
7079
667
5799
7848
2509
3798
3639
3182
736
9435
4264
8916
5061
8646
3362
5156
2206
9544
2974
3945
5700
4729
750
116
9111
8610
9903
4135
1518
4125
6412
4434
5230
1773
1648
1529
3350
9382
2693
6963
7660
5335
6867
6683
4885
6069
5163
5829
8512
7524
9058
2628
6510
9684
4725
9202
4511
2979
9156
1038
478
8657
659
9449
7797
6475
8533
3518
3504
932
7781
4165
3393
1977
5393
3502
9748
5747
3640
8448
8516
3003
2578
5407
2547
1477
603
5563
8675
2236
5428
8622
7016
4160
241
8759
5220
9352
5965
628
9163
6002
9259
6442
1266
769
2006
2616
6473
1733
6530
7503
5825
6367
8425
9007
5801
1179
9810
6266
7000
2878
6091
9402
446
1047
6806
6286
4256
6798
372
7025
3871
5785
5221
4277
8906
3989
4260
3305
346
7942
3164
3789
6302
648
650
9454
5877
8102
922
3875
4916
2336
4230
6552
9662
8920
6335
9261
9225
5809
1566
9301
2047
1576
2034
1682
4246
8854
7690
5091
62
1351
1212
8290
4435
3788
2664
7630
3746
1379
9592
6418
7922
125
6593
3331
6468
7732
4836
3633
7048
5077
2431
3186
8224
7092
5104
621
2708
2582
1689
8528
610
4179
4993
4713
2263
256
7783
4198
6634
2731
3811
5172
8548
8727
8021
8406
5334
9762
1581
5782
913
9366
2383
1602
800
1381
4606
7095
1302
558
9507
7984
2193
5153
230
2142
249
6525
755
5085
2253
2896
9380
8969
2131
5304
9492
6633
6770
6923
4234
2924
5907
245
7017
9526
3308
2507
1811
2519
6038
5065
872
2698
1827
3527
7479
491
3367
8356
6986
9520
4555
8379
3585
2405
9796
2524
1950
3042
760
5390
6219
1362
3752
2240
7386
198
3131
5622
5173
2714
8585
8116
8095
3938
3013
8953
5004
8107
395
3077
3510
855
671
3483
2025
1256
5050
4009
8842
8913
4536
4097
4493
4722
4066
948
7854
3641
3307
4035
4481
8324
6983
5602
5127
6025
849
9689
968
7931
7708
624
2469
1524
7036
9375
622
7298
1000
4928
1413
4459
8081
5132
571
3512
1853
7978
6173
5180
2732
7047
5617
9192
5048
7494
5331
4083
6213
8033
9207
688
3178
1372
2318
8860
8686
933
3446
2661
8353
5125
7495
2447
8695
9462
6110
4844
1523
1465
3682
6834
2381
4603
9019
8594
9141
1459
291
4357
4063
8815
2298
5612
782
4619
3094
2645
548
1014
8846
6095
3022
9286
1638
4018
3941
7881
4936
6274
3357
7403
4139
5007
5506
1817
4355
3547
6704
1970
2485
7658
8310
8961
1683
5699
4322
1028
1954
9624
4062
5116
1943
6388
1017
5820
9907
3374
357
9161
2736
2533
4102
641
4233
9966
7489
9357
7137
2548
1947
3825
7103
4191
1353
1322
4114
1108
1319
9230
1940
8214
8776
2898
4389
6732
1647
6902
7003
5627
6959
9070
6043
3330
7476
7027
8573
4351
8322
7009
8647
8807
9215
192
8333
6174
7892
8729
2496
3147
5382
1830
7470
4494
9605
8330
5324
182
9781
1740
8576
2730
6821
6771
99
9103
9371
9574
647
3099
9436
5963
1783
5134
8642
6023
803
1168
2427
6398
6901
2989
3522
5222
4510
1158
458
1344
3175
9584
2415
9048
2204
7014
6101
8789
7641
8944
5675
7805
5613
1246
4796
7763
4132
8821
5800
631
130
3055
1935
6671
4059
7421
1433
5476
2574
3949
8583
6241
4391
8979
9281
3765
6962
3975
6279
339
5532
8932
5131
2308
691
5070
4293
8150
9205
5344
1488
7364
6130
9181
1444
5736
1046
2065
4072
3873
2827
744
7948
3187
8786
6780
8103
1067
9256
4809
3747
4149
5513
9068
9917
9616
500
1207
3347
7361
8851
9235
5869
6238
7578
2367
4347
4508
9182
1861
6880
9536
1708
6696
2662
4800
8172
8708
524
1752
270
3243
8083
6656
3490
9115
546
543
3427
8831
9580
9015
8403
6726
6363
347
2004
1448
4158
8111
6707
6574
9746
3096
5976
460
1667
4942
1083
2342
3218
1834
9962
1957
9542
2363
3741
5096
2942
5670
201
6665
5975
3515
3314
4039
7061
1556
585
3007
7537
6750
8538
5254
8439
1818
5179
1961
439
1743
3715
5115
8171
6861
8396
9263
9171
8182
7566
723
4189
157
6544
3203
286
8428
3753
2444
2508
6624
9509
3117
8157
7876
1396
8117
6819
32
8900
1871
8062
5906
5097
4636
9274
5039
1584
7745
1988
9641
995
4705
6148
168
5439
4003
6545
3360
3675
8507
2566
147
1191
5584
9639
8131
3950
3008
843
1065
5522
3129
7325
6495
1756
2758
2321
8680
8274
4171
9079
3632
5350
2159
966
8041
8652
1062
8911
7837
218
2068
7540
8376
9571
9430
6654
8604
1569
2623
3082
3728
5913
4298
8282
5481
6691
4835
4953
9441
8990
8720
8788
4392
4290
700
1944
6747
3614
2777
4441
2762
6325
2891
8885
2407
3225
4364
7955
6933
8841
3884
5538
3991
4787
3265
7967
9579
1822
18
7579
654
813
7729
8183
3719
5103
1350
1360
9514
8174
49
1489
9347
8320
7616
3238
5539
6291
2272
6802
2544
3539
4341
4803
9356
7125
8722
9638
432
6144
6980
5953
2643
8749
9682
2316
9503
4180
88
3431
2992
1921
2033
5081
924
5030
4735
900
3860
1434
3666
1744
477
4783
5840
1607
1050
2235
781
9489
9412
5528
3283
8527
4846
7101
6761
7359
8602
7211
6942
8221
2153
999
4026
4541
3333
3279
1939
8812
1949
5611
142
6746
8771
8600
2467
6966
8862
4675
5414
6417
9671
5419
2967
1915
4613
9645
8723
4968
2448
4982
255
505
2365
3242
1859
4585
369
8052
7714
4702
2306
84
578
2707
5297
7394
4032
4075
6248
2563
1361
1700
4828
4188
9245
7410
6482
9627
1098
4269
8940
9037
5031
2248
1813
3919
8582
3777
1272
6824
7056
7557
4879
2396
5426
4469
5202
3986
2611
2067
3725
7201
5036
4134
2432
6191
3063
3977
4226
9480
8537
2019
8129
3653
3823
4900
614
3820
713
1546
715
8954
1776
2189
6815
2751
8054
7077
3965
2828
5357
2788
4852
7680
6161
799
239
8943
7104
6355
5601
6157
844
5449
3867
4166
902
8653
7417
5287
1387
3840
4015
1951
9172
1741
7872
3306
93
3495
4985
2077
3361
6898
8375
9089
3769
4695
5203
3428
377
4311
6372
3459
8154
2579
2190
7835
1342
5141
5807
5623
4447
2080
3834
2050
5881
3450
5804
6179
2536
202
6262
6055
1865
8638
3080
7493
6483
9367
4089
8577
2028
1542
4819
3516
3835
2798
9331
6985
5278
8065
5566
7424
3245
918
8668
6836
6047
3795
8733
5288
1912
4904
2949
5458
2774
8262
9055
2960
3815
6534
8978
2307
8663
7588
3533
3052
655
9612
2453
8042
8654
6730
6682
8796
8433
3328
4768
2757
4348
2629
2860
6014
3652
3781
6951
5849
3408
4981
2317
300
861
9589
1982
6719
2446
4717
6594
86
9897
6811
9963
7776
7958
1131
397
7241
1202
3102
1086
8455
8833
8541
1985
8625
3478
3525
8946
4119
5531
7539
6089
898
6350
6976
4170
8770
5109
7275
5002
6034
2046
3317
8845
5059
1271
2265
1826
4358
3100
3241
7767
1922
5360
4419
8914
2090
9510
4633
611
4420
2688
9427
3720
1417
3053
9191
1220
5424
4605
8999
7784
1919
1313
5499
3432
2553
3006
4404
9360
4078
6175
4137
8952
1229
9303
7908
7853
8348
5574
5873
8678
3034
3582
6570
3705
4451
3461
9893
4509
3356
6832
9102
1829
6561
3914
2155
7639
3375
3035
6111
6998
934
7973
4778
8766
4624
4723
3471
3551
6146
5421
8925
6650
1346
2673
852
5422
2320
9946
1099
4650
3658
2865
5343
6569
8870
3704
4395
6326
1432
1711
209
8926
298
9074
3443
8127
2776
7050
5265
3590
8329
8377
2399
9125
9153
2052
638
5814
594
1277
8134
2171
3252
6981
5994
8974
8967
3831
337
4461
5210
1932
930
2854
6064
8799
7504
1948
4995
829
9196
8649
8864
6769
6553
1210
3927
9879
5486
6082
6121
8446
3384
9178
8269
1621
83
1412
6638
6547
8378
2917
8545
5284
3744
6249
2813
5916
7550
2226
787
8070
5595
1867
2095
8404
6538
1265
8263
3953
6348
9900
9218
7621
4491
114
4957
1157
5062
8955
7759
5667
3563
401
6490
2583
7297
3520
6611
8513
1794
8234
6251
8933
8280
6687
2049
7788
1791
718
6467
5326
1806
5112
5961
9260
8163
6178
1644
8989
2576
1971
741
722
9753
8352
9816
4146
4394
5966
5319
6119
5483
1425
3883
6166
3093
1071
8424
1535
9680
9459
6198
1162
4474
6575
4388
3425
6996
4887
5377
6340
539
9597
3221
6105
6860
1337
4207
9607
791
2175
3508
2439
4519
3281
5027
6952
6757
1702
8226
694
2269
3401
6485
2552
4466
9066
6039
8418
8826
461
8392
145
5731
6006
9295
2850
2212
5044
2737
1286
4101
2454
6505
365
7148
2609
9608
2937
6378
2075
1737
9349
4794
1468
1442
2132
9511
8661
3369
7336
4719
6989
3037
6801
2642
534
3017
2883
7553
3482
5451
9750
6354
1765
3610
2597
9463
3946
3338
6240
7254
8173
7758
4489
6841
5325
3559
3688
4655
4251
246
2042
6637
5779
2450
7552
4952
4387
1166
9465
8024
489
106
4568
6142
1679
9528
6922
735
9279
6845
5630
3858
3101
1597
8108
8595
701
8627
808
1785
6924
185
71
6252
7877
6973
200
3487
3933
5815
127
6276
2300
3363
7031
8910
8344
3509
6236
1646
4051
4107
6503
5715
9609
324
492
499
7631
6949
3864
2637
2322
64
9552
1905
4064
2861
7771
3665
5225
9023
8365
2834
6975
3104
9183
8536
8667
9193
8701
5941
8267
6680
8130
7074
5933
8773
7737
4692
5696
7412
1456
8693
9674
9755
314
4961
2606
7460
5757
5181
3322
9415
4335
8998
9056
2057
7391
2443
7067
5412
5917
186
6795
8886
805
5117
1850
842
541
8271
2909
3767
6245
1650
3625
4558
9437
2525
1983
703
3670
4682
9122
3626
745
1045
7527
4983
1102
1571
2430
137
2905
8748
5758
1994
6090
4948
8718
2889
8037
884
1113
6112
9909
1691
2048
3593
2184
8241
954
1616
1841
9410
3420
6208
8386
973
1147
896
9694
8390
2881
9663
1902
6204
227
7927
4082
7634
1903
261
6931
1665
7442
8315
6864
7739
8272
7396
2451
6469
8915
3343
6532
2186
5404
5750
1549
3735
6754
3267
3895
3011
9012
7561
3344
5258
3844
1170
6420
235
1516
2864
9190
6168
2391
2180
3325
5395
436
4950
2312
3503
4686
8861
2807
7894
5853
7108
7156
8212
367
5136
8496
2035
4401
3511
1536
2935
6315
847
1684
3578
4847
4715
5066
5921
8765
8758
2543
7497
9426
3983
9922
9610
9502
4647
215
1978
3955
5938
4920
7488
6866
2845
7153
826
6205
7818
8564
8242
8871
140
3056
2690
8304
9232
373
7372
7093
1148
9131
1896
7975
4486
1965
2795
8927
7304
707
6606
6670
2631
589
4908
5847
1697
9598
3488
6891
7518
7331
2144
9283
6343
4439
8867
6548
341
4219
4265
1268
5658
1653
1668
1213
302
1030
8085
1315
3800
59
6385
5408
2614
2403
4017
9673
3821
4267
5677
4353
3415
3128
6764
6984
9538
1010
8176
8294
9107
6019
7560
2012
3395
5555
1617
9110
8159
8702
2534
7644
5697
3423
1552
4330
5834
151
9715
2946
8894
3942
7195
3226
5987
8220
8164
3745
6036
226
6318
9532
5321
1622
6694
7722
3417
5713
7088
1812
7541
5510
1877
7389
5567
3916
887
8200
8515
7054
5133
8445
7100
1501
2560
3900
8783
3903
4272
3618
1736
2292
7887
8442
2156
7446
6961
4328
7863
6136
7845
9216
2239
8153
2275
3621
6182
3028
5401
806
2116
8950
7824
3284
3770
437
236
8691
6794
103
5107
8009
8991
3535
2092
1526
7484
6046
5244
1901
2134
4677
7724
7202
4057
2056
8865
6990
1237
2178
8069
6617
9651
2277
7735
313
8410
6158
1946
537
9268
762
6170
6763
7689
8334
863
6516
8027
9870
273
4839
9535
4826
9133
3309
3642
5637
8273
6930
572
7749
6492
3623
7576
1928
9251
893
2147
2819
4103
7683
6120
4371
9593
191
153
6917
5721
1657
2503
6406
7356
6088
6720
9316
4646
2086
9647
3589
9345
6061
9134
2141
1592
4127
8502
8589
4379
821
9708
2232
279
6117
2823
7045
590
5142
605
8669
1101
529
5890
1956
5015
4318
1558
9634
8917
6127
1245
8246
8436
1418
942
8603
4172
5223
3411
2455
9621
5206
7888
4081
5340
2812
3376
8407
3554
4882
9722
8091
9129
3890
5540
5194
3048
2666
1443
6323
2304
1138
9086
3851
4092
4257
5793
7582
5886
9026
5880
8004
2868
3078
4193
3340
5205
9124
2283
1096
5268
9630
3498
3407
7649
7671
6427
9738
3609
2895
563
2890
3637
9009
5068
5121
3196
2660
3703
320
5683
74
4329
7024
3808
3627
1367
2346
7034
749
4182
6390
2429
6953
9519
6630
2369
3310
4454
9194
2345
3984
3584
1995
366
2289
1878
4897
3730
1214
7795
9809
9615
1496
4570
2266
3661
4602
8181
8225
4497
8289
6910
7945
1999
8570
2806
2362
7398
3301
7657
6140
4263
9269
6642
5064
739
5349
601
4759
3496
3904
1285
7334
5090
3142
5397
7744
4131
1568
3828
7002
3877
2418
8928
208
923
3045
1107
1534
7913
9643
8417
154
1742
6399
3971
2192
8096
1263
6292
8780
2379
5406
6528
6383
8549
6969
7961
6432
9044
874
3010
9014
4417
7731
3813
8635
1276
2670
5363
9106
2355
3430
1784
9311
7886
7282
8440
6004
5915
5733
4310
673
8088
9105
3519
4963
4994
304
8247
9351
4468
3906
5689
7900
8587
1033
2397
5106
3624
1924
1520
1633
9961
9935
5299
564
43
3854
362
8883
2264
8575
4805
7656
7531
8550
8945
3764
3577
8097
7013
9108
790
9431
1525
7806
213
8857
2759
3494
7646
9692
8155
8572
8429
3532
4124
834
6366
3329
6496
3406
3724
2513
1554
8381
1390
174
8511
6377
169
7800
4133
664
8903
5296
2173
6243
5714
2565
2343
6037
9567
3899
630
2702
1409
4857
6031
6938
6555
6493
7546
9187
9228
2016
6935
7317
3930
1974
2121
2188
5573
9008
7889
490
2511
3819
6868
178
8508
104
6139
5493
5276
4243
4208
4055
4608
9332
5120
7645
6614
1533
8160
5761
7611
199
5716
7390
8240
9697
5113
4029
7569
9199
5646
5310
269
1677
8586
455
6541
7502
4941
442
6894
6108
2904
247
3416
604
6858
9099
4660
9512
6471
3619
122
9127
4881
6329
4905
9185
4123
9273
1423
8048
8227
9320
9411
9160
124
7355
8416
8671
1997
3987
4962
6137
2838
880
2526
4514
3737
9806
6480
742
9577
7694
2744
1405
8859
3300
4483
3372
8399
8568
3739
4785
3685
704
2411
4833
4500
9721
4580
970
6551
7352
388
9518
997
1483
1424
7904
4273
1725
1404
1366
3115
3294
8486
1925
4118
2489
8938
2119
1165
8029
972
5308
9572
1428
7575
9126
3775
9288
5346
5083
8713
556
8293
5594
4005
2990
1916
6067
3180
3524
6301
943
7727
6686
1027
6636
1874
5926
1898
7404
5582
2098
5990
4512
5290
1233
2231
7852
8010
5029
1194
5589
5187
2071
4360
2725
6914
9515
2541
2587
8011
6135
1964
9600
6502
1797
9383
5711
5158
9090
9031
2338
2331
2021
5680
1809
4211
5653
4122
3135
3826
9323
7676
5682
9379
511
7796
4889
2840
438
8980
6237
9416
3083
727
3572
1577
4021
4797
7462
4718
3782
3648
5237
2683
5746
1562
3993
6870
509
5105
1738
4240
937
8774
7468
6312
2740
136
9078
732
731
3465
434
3560
1768
2385
9136
7901
2738
6453
8444
4581
5434
1370
6816
6977
1341
6218
4285
8305
1613
5285
3378
591
2140
1136
9525
52
2129
2296
9913
7977
6419
1284
1153
8317
7392
911
3672
8929
8571
891
4374
1749
2422
6210
1522
6194
1673
4845
9372
4254
1041
3981
708
2333
9967
2729
8480
1145
293
8640
7353
4565
5289
2765
4926
6968
5908
9742
5454
6396
3931
3893
1019
652
6260
1553
6155
4621
4385
7597
468
797
4436
1815
2334
9534
108
4840
4973
1539
5309
19
2703
56
4681
172
1140
2241
188
8014
540
8302
2127
8219
6722
6488
4726
3181
8532
8872
8973
6740
167
689
2842
6472
5283
3477
5495
7533
1599
5501
5710
5609
6337
8772
4727
380
6809
5322
3289
5231
2123
6098
2655
4693
523
2920
2408
5703
4396
2103
5487
1758
3608
3500
4268
9222
3592
7791
3926
6501
6450
6079
2463
6604
8471
670
4216
6024
403
9636
1816
4307
2504
6695
8261
597
7406
4429
2170
6987
7685
150
285
9253
4969
828
8203
78
7032
6463
4888
2824
3568
24
6562
7581
7529
2179
8608
435
3865
5935
7379
6402
1324
8813
4886
5876
7850
3214
7184
4253
6261
2161
8797
7081
3576
9084
1238
2928
728
3436
6692
2337
290
4914
2858
9599
5977
1281
7414
9236
6180
6909
6830
1445
8500
2554
2681
8546
1172
8942
1930
3124
4473
8753
2549
3972
2779
7033
3244
5996
9358
3822
6659
3581
7349
9468
9049
3373
5955
1055
2684
7512
9094
2796
1402
9355
4549
5193
757
7976
389
6425
9523
2516
5500
9004
6214
3729
5148
4696
1454
6527
9294
8297
2761
9307
3558
5662
4607
6215
6721
5168
7947
9421
8560
3231
4143
4445
9284
8061
8256
8957
6281
1789
6944
6595
5784
210
2419
8314
9132
4970
1963
2581
4697
7981
4547
4899
6452
9137
4532
6267
4373
353
2627
6672
8003
4174
5314
47
7991
7160
1248
6588
7381
801
2400
8228
9002
7343
7042
5471
5812
2440
6529
3033
8447
7055
4235
7842
6368
4223
4423
8707
6875
5593
4791
3025
7946
8205
1469
2727
5768
6349
1513
4238
5234
1511
4575
1142
4703
5269
6316
1303
9197
6784
6939
5621
7065
1275
6347
3680
9388
7536
3506
5207
677
549
3814
1933
5144
868
4157
4597
7826
6526
471
994
3095
2088
8689
2956
3277
3345
8836
1378
4213
9063
8644
9921
9334
1121
7995
1461
1821
8887
6540
6524
2029
3894
5253
9516
7071
4052
1154
6913
8904
6887
9116
4490
8276
8740
8565
165
128
7252
45
6916
649
5160
3886
1715
1825
7951
5554
9364
8847
1301
7217
2822
7291
984
7318
8493
3643
4425
8355
5684
2106
6643
5973
6586
926
8645
9812
2672
961
4312
6093
445
557
8591
7939
5005
8624
2166
6713
3580
2721
3397
6782
6056
4561
4222
6765
220
6131
9464
6498
6739
2442
6049
6675
5110
4218
2360
9221
4732
8057
4287
1359
8435
1334
8039
3390
5272
6697
4862
2276
6154
6885
6825
7303
1642
4286
1651
9521
8710
4108
2357
9217
7280
8146
1510
3342
1498
8408
2148
5509
336
3805
4739
8253
3571
831
6579
5496
2885
1757
1824
5897
7018
6651
8165
4262
5932
7416
2978
2380
5625
3538
5250
4220
4288
7523
6336
560
6297
2078
2647
409
609
1637
3978
9001
4586
3291
2825
4504
8020
5999
6454
5366
6844
6852
5043
3684
3668
8923
8737
6470
9088
6310
3885
4544
73
9581
3050
2081
4863
8547
4088
4422
945
6948
5515
3849
3061
1918
4799
393
9407
4837
3748
6662
1414
4148
6254
907
5409
8784
6886
6330
2764
4368
9524
514
8412
6736
6199
3192
9500
5914
619
9506
7809
9393
2619
1110
2926
3497
991
9175
5190
5075
4467
5274
390
6893
7413
7051
5088
2791
4177
3409
4342
9302
386
6499
9109
9209
6641
1608
4077
5370
1628
7091
3925
5712
4865
2040
1714
9173
2045
3293
2874
6964
4186
9339
9369
1521
2651
9123
1392
5654
3736
837
5227
4627
5867
3086
2251
5592
6905
7713
8476
5392
9533
4300
4049
5037
2225
7740
5521
3679
2734
3499
1892
7907
1614
4006
8337
3292
57
9050
5797
2063
8409
1731
4663
6084
8696
5759
4336
9157
7354
646
2602
3698
7351
6556
3348
3012
2163
8907
5591
2410
1843
8250
5949
5904
1029
3262
9306
5118
8145
6674
6862
4832
6967
3081
4589
7314
8798
8597
4955
4584
8523
2107
764
3232
216
608
8431
9490
1078
6162
1879
6022
3122
892
2804
5195
4315
3247
4639
3817
2246
6066
7943
8
4979
4779
9138
7004
7177
8012
8819
2970
7637
282
9701
4626
7333
6982
8482
4877
9072
1656
7521
5427
890
2051
1037
6290
1543
3130
4024
878
526
3759
9656
5022
885
6476
9000
8790
4056
2800
2492
4340
5166
6619
2305
3920
6387
1845
685
2539
3644
612
8981
8215
2441
4554
8325
3467
3398
1345
8380
4427
1748
2592
1583
7362
6577
6940
9028
6020
4487
4475
278
9117
7873
1799
4424
305
2746
6583
5543
8201
4074
5619
883
6357
3507
6464
4019
6639
4181
7779
9924
4382
8951
7661
1183
6715
4764
6369
502
7015
2005
1160
9488
8526
8574
4964
5243
66
2361
3710
6289
6804
538
2518
8810
1914
6189
2073
2657
9036
8487
2951
4100
3615
4906
6896
4449
2294
6689
3418
3935
1627
2713
4199
6203
4781
4190
2753
9319
375
163
6184
4043
3694
6743
343
9732
6152
9271
3718
8252
6486
1408
8637
1325
9384
4587
8139
2596
2319
8934
3127
3389
5196
3060
7060
9277
1778
709
9296
5101
9546
1447
1895
3557
9329
2482
8051
6517
8075
5813
6800
1112
996
9774
5705
4617
7185
552
6352
5918
5001
4829
3087
1972
2023
177
3550
3216
8105
4331
8040
3809
7916
1900
3126
4502
4876
6030
4523
998
1155
166
1587
3611
6877
4195
5239
889
6702
4496
9387
6494
1255
6605
9642
4507
6339
2728
3074
3631
9057
8397
4576
8639
1923
6776
1095
5989
6559
3109
6884
3098
6908
7278
7383
815
6344
3561
2826
8848
1088
4279
4709
3591
7584
4476
483
2743
3845
9786
6381
1335
7666
5093
7659
7007
9405
2060
6658
4303
5054
3140
1453
6177
1091
5464
4795
9591
5883
2919
7949
8298
6116
8554
2644
5960
2733
6487
6150
4278
1937
6167
2589
5874
2281
5352
9696
2055
3848
9233
7375
758
6758
7686
2679
4980
4428
3032
946
6728
786
3154
3200
5587
2160
7159
8658
3092
7650
9688
9067
1755
3365
9267
1084
1991
5224
4116
9073
310
1666
555
5385
5371
6515
3194
5076
8106
2059
6591
3629
4093
2943
9678
374
2987
3323
5650
3783
5685
4455
2908
456
4782
8522
5565
3711
9778
1490
8936
771
6346
7062
6600
3057
5525
2996
7046
1582
2388
2181
7135
3960
4289
9585
4390
5959
5698
6334
5266
8984
785
487
7600
8401
2200
4588
9668
5457
1115
6138
6338
9896
3856
3732
3702
6653
7311
7615
5418
1604
4402
4448
3628
5514
4431
5306
6489
4767
8791
1869
5542
5423
1589
4754
4649
3501
7094
3690
2480
266
4363
7601
3213
4478
2869
836
1304
7625
4666
8665
3044
1716
8698
2499
5354
6165
5634
9611
812
7439
8688
9745
5912
6013
3683
5415
4047
9964
3686
3435
2910
2934
5559
2847
3657
4526
1636
9765
7436
7664
6270
6737
4183
5071
1363
4214
3352
7086
2551
2618
3793
9640
2491
1295
4480
3837
5055
5794
5311
854
2313
111
2982
927
5596
1981
4777
976
964
5413
1090
2649
4076
6185
5517
5155
5182
7847
307
5944
6546
9628
759
9797
6576
6756
6058
2520
6438
570
9135
7960
4834
7105
5473
6531
4855
6285
2456
1801
4743
3316
6364
1375
6957
6160
2370
2844
2409
530
711
1804
2479
5174
5267
4212
1641
6143
2537
1004
4738
2739
9208
4736
2694
4
9699
6676
4991
5383
4873
4849
4821
292
9452
5394
4615
1129
5012
3073
3948
939
2213
4045
6712
7884
4965
6778
4676
4788
3123
5
1023
9210
512
7010
3002
1156
7846
9587
451
2862
5026
5552
2387
2794
3634
6328
2818
4861
3908
8217
6431
754
3779
3830
8257
1753
2991
635
4110
1415
4895
3717
4516
903
6063
4609
5215
5806
6342
1398
3617
683
814
5665
7425
5702
737
7281
1470
1681
9551
5339
5177
6118
6701
7268
6565
1493
3647
8313
6050
9959
7190
146
2652
5726
4087
7864
1058
5861
3215
355
1687
4485
567
1658
3766
7181
4564
7620
4762
4683
9403
7171
4984
1426
6424
5616
5624
1419
2462
1382
5170
8194
6416
6100
33
1680
4927
9539
5149
3481
4704
2784
3457
9940
5188
3852
4291
8050
5348
3009
6580
2242
2913
5456
5988
2151
8706
2831
3841
4894
2564
8498
2789
2364
3205
4111
4874
2279
4596
8364
7526
5735
2468
2280
2969
9770
5967
751
5067
9654
5748
4986
3263
7302
3723
3047
9467
9241
7701
327
408
6451
8123
5647
920
4344
1772
58
8588
6610
4878
8909
6567
6623
1800
5217
4414
5073
9557
4409
8670
9401
1855
8191
2237
3939
5167
6890
4770
2914
3103
9632
9603
8089
4934
8843
7242
2327
8982
3133
3054
6410
6994
9614
4714
5494
4054
6512
6226
5375
6224
4284
768
3039
9653
4094
5238
6413
4471
6414
5530
1294
5475
5185
3827
6644
5633
6373
916
7411
2282
817
5789
1347
3066
4975
2880
726
6404
6772
5985
5742
3982
1514
7623
5969
5378
2803
4205
3020
4780
5984
7030
3227
4527
4996
2820
2222
7162
237
6925
4701
7269
8760
513
4372
7996
4918
6616
5583
1258
2100
1371
8121
2036
6592
6455
6928
8239
334
8189
7315
1819
8995
6711
2705
8529
2002
5669
5823
7158
3756
5659
6808
7603
4173